Time,ChannelFreq,RSSI,SNR,MType,DevAddr,ADR,ADRACKReq,ACK,FCnt,FOptsLen,FOpts,FPort
1612644114375,868300000,-115,8,4,26E10ECD,1,0,1,950,0, ,37
1612606320879,868300000,-111,4,2,94FD8458,0,0,1,303,0, ,0
1612674335516,868300000,-109,11,4,26E10ECD,0,0,1,935,0, ,126
1612797986828,868300000,-104,0,4,94FD8458,0,0,1,218,0, ,0
1612637387397,868300000,-117,7,2,26E10ECD,0,1,1,968,0, ,200
1612616167272,868300000,-90,8,4,26E10ECD,0,0,1,838,0, ,198
1612863422330,868300000,-97,-4,2,26E10ECD,1,0,1,108,0, ,180
1612459824173,868300000,-111,9,4,26E10ECD,0,1,0,73,0, ,22
1612461815810,868300000,-108,9,4,94FD8458,1,0,1,304,0, ,202
1612704638017,868300000,-117,12,2,94FD8458,1,1,1,121,0, ,73
1612596050749,868300000,-102,12,4,26E10ECD,1,0,1,383,0, ,0
1612601269249,868300000,-99,12,4,94FD8458,0,0,1,405,0, ,123
1612640153669,868300000,-89,5,2,94FD8458,0,0,1,10,0, ,58
1612518950097,868300000,-98,1,2,26E10ECD,0,0,1,321,0, ,2
1612688422497,868300000,-112,0,2,26E10ECD,1,0,1,834,0, ,206
1612694161310,868300000,-90,2,2,94FD8458,0,0,1,52,0, ,135
1612546089544,868300000,-96,7,4,94FD8458,1,0,1,593,0, ,197
1612730069631,868300000,-89,3,4,94FD8458,0,0,1,875,0, ,157
1612548983055,868300000,-98,5,4,26E10ECD,1,0,1,276,0, ,0
1612563409176,868300000,-85,11,4,26E10ECD,0,1,1,286,0, ,219
1612679926595,868300000,-100,10,4,26E10ECD,0,0,1,694,0, ,0
1612698944958,868300000,-70,4,2,26E10ECD,0,1,1,718,0, ,0
1612578165440,868300000,-93,5,2,94FD8458,1,1,1,160,0, ,0
1612765603111,868300000,-99,1,4,94FD8458,0,0,1,399,0, ,70
1612825068065,868300000,-96,1,4,94FD8458,1,1,0,264,0, ,9
1612600276130,868300000,-102,1,2,94FD8458,0,1,1,633,0, ,60
1612778505481,868300000,-84,3,4,94FD8458,1,1,1,475,0, ,103
1612589324893,868300000,-94,11,4,26E10ECD,0,1,0,320,0, ,0
1612710999018,868300000,-90,9,2,94FD8458,0,1,1,213,0, ,90
1612646865917,868300000,-82,5,4,26E10ECD,1,1,1,849,0, ,117
1612555496454,868300000,-78,3,4,94FD8458,0,0,1,860,0, ,60
1612537369140,868300000,-103,0,2,26E10ECD,1,0,1,594,0, ,23
1612735909388,868300000,-113,1,4,94FD8458,1,1,1,815,0, ,21
1612773967947,868300000,-108,4,2,26E10ECD,1,0,1,698,0, ,126
1612709251303,868300000,-99,6,2,26E10ECD,1,1,1,680,0, ,137
1612868500025,868300000,-88,1,4,94FD8458,0,1,0,847,0, ,54
1612699102842,868300000,-114,-4,4,26E10ECD,0,1,1,563,0, ,41
1612649025428,868300000,-99,7,4,94FD8458,0,1,1,206,0, ,0
1612540843421,868300000,-112,-2,4,94FD8458,1,0,1,994,0, ,0
1612549989672,868300000,-94,3,2,94FD8458,1,0,1,828,0, ,0
1612503795422,868300000,-91,8,2,26E10ECD,1,0,1,396,0, ,222
1612708590046,868300000,-79,7,2,26E10ECD,1,1,1,989,0, ,81
1612697977670,868300000,-104,-8,2,94FD8458,1,0,1,520,0, ,39
1612725185069,868300000,-111,-2,2,94FD8458,1,1,1,834,0, ,11
1612842894018,868300000,-111,1,4,94FD8458,0,0,0,503,0, ,187
1612768571195,868300000,-94,4,2,26E10ECD,0,1,1,915,0, ,130
1612520243008,868300000,-100,2,2,94FD8458,1,1,1,232,0, ,40
1612745371876,868300000,-103,4,2,26E10ECD,1,0,1,751,0, ,211
1612574488149,868300000,-104,7,4,26E10ECD,0,1,1,388,0, ,66
1612744678635,868300000,-109,3,2,26E10ECD,1,0,1,724,0, ,0
1612545088307,868300000,-92,7,4,26E10ECD,1,0,1,755,0, ,0
1612646342288,868300000,-100,11,2,94FD8458,1,1,0,58,0, ,24
1612682262244,868300000,-102,-2,4,94FD8458,1,1,1,972,0, ,0
1612496596170,868300000,-91,11,4,FFC3C11D,0,1,1,908,0, ,109
1612639831521,868300000,-92,-10,4,26E10ECD,1,0,0,314,0, ,0
1612863758539,868300000,-86,-1,2,94FD8458,1,0,1,724,0, ,189
1612707373920,868300000,-110,-2,2,94FD8458,0,1,1,233,0, ,142
1612802201700,868300000,-86,12,2,94FD8458,1,1,1,309,0, ,121
1612502304767,868300000,-94,2,2,94FD8458,0,0,0,919,0, ,164
1612733332697,868300000,-80,6,4,26E10ECD,0,0,1,326,0, ,200
1612596596619,868300000,-114,6,4,26E10ECD,1,0,1,247,0, ,0
1612883143822,868300000,-104,0,4,FFC3C11D,0,0,1,432,0, ,72
1612810552010,868300000,-108,6,2,FFC3C11D,0,0,1,760,0, ,138
1612877813335,868300000,-83,-1,4,94FD8458,1,1,1,149,0, ,16
1612570315960,868300000,-80,6,2,FFC3C11D,0,1,1,888,0, ,139
1612514514983,868300000,-112,7,4,94FD8458,1,1,1,614,0, ,186
1612785605292,868300000,-96,-2,4,FFC3C11D,1,0,1,826,0, ,0
1612521341364,868300000,-90,4,2,94FD8458,0,0,1,734,0, ,79
1612630616413,868300000,-107,6,4,94FD8458,1,1,1,701,0, ,139
1612840315673,868300000,-102,2,2,94FD8458,0,1,1,916,0, ,90
1612849579406,868300000,-107,7,2,94FD8458,0,0,1,402,0, ,207
1612771236186,868300000,-82,11,4,FFC3C11D,0,0,1,493,0, ,92
1612719749458,868300000,-62,5,4,94FD8458,1,0,1,464,0, ,182
1612624778451,868300000,-109,5,4,FFC3C11D,0,0,1,912,0, ,193
1612467934987,868300000,-85,7,4,26E10ECD,0,1,0,458,0, ,165
1612469821890,868300000,-86,7,2,26E10ECD,1,0,1,795,0, ,28
1612561707864,868300000,-94,11,2,94FD8458,1,0,1,113,0, ,179
1612744397770,868300000,-113,0,4,A6B0A6E6,0,0,1,416,0, ,179
1612559841096,868300000,-101,1,4,FFC3C11D,1,1,0,978,0, ,146
1612803831178,868300000,-113,0,2,94FD8458,0,0,1,691,0, ,176
1612877997681,868300000,-99,11,4,A6B0A6E6,0,1,1,414,0, ,113
1612610769248,868300000,-105,11,4,FFC3C11D,1,1,1,53,0, ,26
1612626589210,868300000,-91,6,2,A6B0A6E6,0,0,1,90,0, ,67
1612662124185,868300000,-100,6,2,A6B0A6E6,1,1,1,445,0, ,77
1612488646019,868300000,-90,-1,2,A6B0A6E6,0,1,1,304,0, ,100
1612618093872,868300000,-64,0,2,FFC3C11D,1,1,1,650,0, ,0
1612517262395,868300000,-115,0,4,A6B0A6E6,0,1,1,255,0, ,97
1612669360577,868300000,-114,5,2,26E10ECD,0,0,1,187,0, ,12
1612721548742,868300000,-110,8,4,FFC3C11D,1,0,1,170,0, ,64
1612463445815,868300000,-96,12,2,94FD8458,1,0,1,21,0, ,68
1612769075610,868300000,-111,3,2,A6B0A6E6,0,1,1,459,0, ,176
1612735629000,868300000,-116,1,4,26E10ECD,1,1,1,616,0, ,84
1612455876062,868300000,-98,2,4,26E10ECD,1,0,1,286,0, ,81
1612784138366,868300000,-87,7,2,26E10ECD,1,0,1,515,0, ,127
1612466279897,868300000,-103,0,2,FFC3C11D,1,0,0,779,0, ,168
1612478799246,868300000,-110,11,2,94FD8458,1,0,1,161,0, ,180
1612799164998,868300000,-77,-3,2,26E10ECD,0,1,1,368,0, ,155
1612773658677,868300000,-90,7,4,A6B0A6E6,1,1,1,331,0, ,33
1612835938217,868300000,-91,6,2,FFC3C11D,1,1,1,29,0, ,166
1612507235354,868300000,-107,-3,4,26E10ECD,0,1,1,439,0, ,0
1612494256897,868300000,-97,4,4,26E10ECD,1,1,1,523,0, ,2
1612522623697,868300000,-105,11,4,26E10ECD,0,1,1,284,0, ,190
1612747133755,868300000,-88,1,2,A6B0A6E6,1,0,1,119,0, ,170
1612646081279,868300000,-93,9,2,FFC3C11D,1,0,1,856,0, ,200
1612737755756,868300000,-90,0,2,7097D7DD,1,0,1,140,0, ,213
1612628395934,868300000,-91,11,2,94FD8458,1,0,1,671,0, ,0
1612650847242,868300000,-96,-2,0,26E10ECD,1,1,1,840,0, ,141
1612774281372,868300000,-80,8,2,94FD8458,0,0,1,361,0, ,99
1612456954672,868300000,-103,8,4,FFC3C11D,0,0,1,98,0, ,144
1612855357665,868300000,-90,6,2,26E10ECD,0,1,1,690,0, ,28
1612678876601,868300000,-74,-2,2,7097D7DD,0,1,1,922,0, ,48
1612514633762,868300000,-105,11,2,2800BC01,1,1,1,802,0, ,0
1612798018076,868300000,-74,-5,4,A6B0A6E6,1,1,1,645,0, ,181
1612778426419,868300000,-93,8,4,26E10ECD,0,0,1,883,0, ,0
1612519040710,868300000,-85,-8,4,26E10ECD,0,1,1,758,0, ,42
1612606302729,868300000,-98,11,2,26E10ECD,1,1,1,643,0, ,62
1612645581744,868300000,-94,-8,2,26E10ECD,0,1,1,923,0, ,0
1612535605242,868300000,-94,8,4,FFC3C11D,0,0,1,341,0, ,178
1612570341523,868300000,-103,10,2,FFC3C11D,1,0,1,138,0, ,0
1612865850957,868300000,-94,4,2,7097D7DD,1,1,0,301,0, ,153
1612562800333,868300000,-85,12,4,7097D7DD,0,1,1,40,0, ,115
1612751160694,868300000,-88,-3,4,94FD8458,0,0,1,561,0, ,4
1612668543505,868300000,-95,9,4,FFC3C11D,0,0,0,525,0, ,25
1612471048423,868300000,-113,4,2,FFC3C11D,0,0,0,713,0, ,68
1612795033650,868300000,-109,2,2,A6B0A6E6,1,1,1,492,0, ,17
1612490583931,868300000,-99,4,4,7097D7DD,0,1,1,870,0, ,219
1612795053418,868300000,-115,10,2,94FD8458,1,1,1,620,0, ,149
1612484843501,868300000,-89,10,0,7097D7DD,0,1,1,2,0, ,0
1612508146379,868300000,-89,1,4,2800BC01,0,0,1,57,0, ,0
1612885142576,868300000,-106,3,2,26E10ECD,0,1,1,982,0, ,54
1612793166275,868300000,-98,-2,4,2800BC01,1,1,1,606,0, ,0
1612873542189,868300000,-103,-9,2,FFC3C11D,1,1,1,505,0, ,171
1612836860782,868300000,-120,10,2,2800BC01,0,0,1,524,0, ,42
1612870754467,868300000,-96,3,4,A6B0A6E6,0,0,1,530,0, ,94
1612790764345,868300000,-100,-1,2,26E10ECD,0,0,1,851,0, ,19
1612712796599,868300000,-117,1,2,94FD8458,0,1,1,375,0, ,0
1612660114836,868300000,-92,11,4,FFC3C11D,0,0,1,332,0, ,0
1612744061771,868300000,-111,3,4,2800BC01,1,0,1,436,0, ,0
1612559779690,868300000,-81,0,2,A6B0A6E6,0,1,1,689,0, ,37
1612876948306,868300000,-90,-10,4,26E10ECD,1,1,0,554,0, ,117
1612743634342,868300000,-93,2,2,A6B0A6E6,1,1,1,562,0, ,0
1612502139844,868300000,-102,5,4,A6B0A6E6,0,1,1,338,0, ,57
1612802466195,868300000,-97,8,2,7097D7DD,1,1,0,443,0, ,45
1612711468417,868300000,-82,3,4,94FD8458,0,1,1,615,0, ,0
1612463502691,868300000,-77,10,4,2800BC01,0,1,1,410,0, ,8
1612533773467,868300000,-105,8,4,FFC3C11D,1,0,1,193,0, ,75
1612602026817,868300000,-78,4,4,FFC3C11D,0,1,1,739,0, ,138
1612883149278,868300000,-97,9,2,26E10ECD,1,0,1,781,0, ,206
1612543220119,868300000,-113,12,4,7097D7DD,0,1,1,321,0, ,78
1612785126913,868300000,-99,-5,2,7097D7DD,0,0,1,674,0, ,40
1612677108706,868300000,-75,-13,4,FFC3C11D,1,0,1,322,0, ,0
1612630859930,868300000,-111,11,4,94FD8458,1,1,1,197,0, ,191
1612487755119,868300000,-98,-2,4,94FD8458,1,0,1,90,0, ,165
1612467947470,868300000,-99,0,4,2800BC01,1,1,1,145,0, ,6
1612814702400,868300000,-109,4,2,7097D7DD,0,1,1,99,0, ,122
1612527225429,868300000,-82,4,4,A6B0A6E6,1,1,1,455,0, ,161
1612512252222,868300000,-84,3,4,7097D7DD,0,0,1,936,0, ,0
1612707534734,868300000,-78,4,4,26E10ECD,1,1,1,166,0, ,169
1612815366288,868300000,-65,0,4,A6B0A6E6,0,0,1,650,0, ,161
1612641601529,868300000,-103,-8,4,26E10ECD,1,1,1,28,0, ,65
1612768159039,868300000,-114,10,2,26E10ECD,1,1,1,457,0, ,117
1612629698503,868300000,-106,2,4,94FD8458,1,0,1,110,0, ,55
1612689389692,868300000,-91,8,2,FFC3C11D,1,1,1,231,0, ,90
1612568586414,868300000,-102,7,2,4F7A6409,1,0,1,55,0, ,200
1612864405498,868300000,-104,11,0,94FD8458,1,1,1,148,0, ,191
1612653808400,868300000,-94,-4,2,A6B0A6E6,0,1,0,258,0, ,11
1612503688418,868300000,-90,-2,4,7097D7DD,0,0,1,37,0, ,184
1612734588402,868300000,-100,-1,4,7097D7DD,1,1,1,985,0, ,0
1612618327528,868300000,-98,11,2,94FD8458,1,1,1,551,0, ,40
1612735755208,868300000,-96,3,4,7097D7DD,0,1,1,465,0, ,198
1612653412710,868300000,-88,2,2,ACEDD383,0,1,1,536,0, ,20
1612862667131,868300000,-96,6,4,94FD8458,1,0,1,593,0, ,162
1612857698837,868300000,-102,-1,0,2800BC01,1,1,1,863,0, ,0
1612553159391,868300000,-81,4,4,4F7A6409,1,0,1,37,0, ,7
1612679743277,868300000,-89,-1,2,2800BC01,1,0,1,890,0, ,171
1612859382068,868300000,-111,-2,2,94FD8458,1,1,1,785,0, ,169
1612495852590,868300000,-109,1,4,7097D7DD,0,0,1,56,0, ,33
1612590710325,868300000,-109,4,2,A6B0A6E6,1,1,1,535,0, ,0
1612548471009,868300000,-95,12,4,4F7A6409,0,0,1,96,0, ,210
1612697497803,868300000,-108,0,0,FFC3C11D,1,1,1,532,0, ,89
1612507127556,868300000,-104,4,2,2800BC01,0,1,1,307,0, ,58
1612550688423,868300000,-91,-1,4,2800BC01,1,0,1,278,0, ,21
1612778472917,868300000,-92,8,2,A6B0A6E6,1,1,1,651,0, ,119
1612571033796,868300000,-117,7,2,FFC3C11D,1,0,0,376,0, ,123
1612471352402,868300000,-94,3,4,ACEDD383,0,0,1,755,0, ,59
1612811549256,868300000,-76,11,4,A6B0A6E6,0,0,1,490,0, ,109
1612706693496,868300000,-88,4,2,7097D7DD,1,1,1,813,0, ,197
1612609007363,868300000,-102,-7,2,4B41DFAF,1,1,1,948,0, ,93
1612567908631,868300000,-96,8,2,ACEDD383,1,1,1,613,0, ,137
1612635932771,868300000,-86,2,4,FFC3C11D,0,0,1,211,0, ,0
1612511969507,868300000,-112,11,2,4B41DFAF,0,1,1,921,0, ,187
1612748854815,868300000,-105,6,2,4B41DFAF,1,1,1,381,0, ,127
1612627240613,868300000,-96,7,4,2800BC01,1,1,1,160,0, ,81
1612505890028,868300000,-94,9,2,94FD8458,0,1,1,151,0, ,0
1612852912480,868300000,-98,9,0,ACEDD383,0,0,1,287,0, ,100
1612626077849,868300000,-77,0,4,7097D7DD,0,0,1,238,0, ,63
1612728757693,868300000,-115,2,4,2800BC01,1,1,1,20,0, ,22
1612825723799,868300000,-94,-10,2,94FD8458,1,0,0,90,0, ,0
1612856599957,868300000,-94,-3,2,FFC3C11D,1,0,1,286,0, ,1
1612488672931,868300000,-107,12,4,7097D7DD,1,1,1,205,0, ,216
1612522450631,868300000,-106,2,4,A6B0A6E6,1,1,1,856,0, ,151
1612598369454,868300000,-115,-6,2,2800BC01,0,1,1,359,0, ,142
1612797757768,868300000,-83,-1,2,A6B0A6E6,0,1,1,672,0, ,22
1612806714710,868300000,-103,3,2,FFC3C11D,1,0,1,281,0, ,163
1612547000930,868300000,-105,9,4,26E10ECD,1,1,1,237,0, ,71
1612686773690,868300000,-112,-21,4,4F7A6409,0,0,1,733,0, ,100
1612748055311,868300000,-102,-1,2,FFC3C11D,0,1,1,706,0, ,3
1612635336670,868300000,-79,10,2,4F7A6409,1,0,1,237,0, ,123
1612759374533,868300000,-88,8,2,94FD8458,0,0,1,274,0, ,179
1612682464809,868300000,-91,9,4,FFC3C11D,0,1,1,733,0, ,0
1612829368046,868300000,-98,0,2,A6B0A6E6,0,1,1,408,0, ,193
1612737739413,868300000,-105,0,2,ACEDD383,1,0,1,744,0, ,52
1612865074251,868300000,-90,12,2,7097D7DD,0,1,1,950,0, ,113
1612808478608,868300000,-101,0,2,7097D7DD,0,1,1,636,0, ,9
1612539716353,868300000,-118,9,4,A6B0A6E6,1,0,0,541,0, ,0
1612695892584,868300000,-79,11,2,A6B0A6E6,0,1,1,666,0, ,146
1612561983018,868300000,-73,10,0,94FD8458,0,0,1,893,0, ,96
1612473504480,868300000,-101,-5,2,ACEDD383,1,0,1,154,0, ,184
1612685860862,868300000,-101,11,2,A6B0A6E6,0,1,1,581,0, ,0
1612737671910,868300000,-91,1,0,2800BC01,0,1,1,330,0, ,65
1612642514416,868300000,-99,10,2,4F7A6409,1,1,1,70,0, ,152
1612722220848,868300000,-89,9,2,26E10ECD,1,0,1,382,0, ,171
1612725314778,868300000,-87,-10,2,94FD8458,0,0,1,91,0, ,6
1612728925229,868300000,-95,2,2,4B41DFAF,1,0,1,239,0, ,181
1612788836904,868300000,-89,7,4,26E10ECD,0,1,0,908,0, ,71
1612464986389,868300000,-81,0,4,4B41DFAF,1,0,1,398,0, ,63
1612609301950,868300000,-100,-4,2,26E10ECD,1,1,1,79,0, ,106
1612729323323,868300000,-97,8,2,26E10ECD,0,0,1,789,0, ,58
1612457166792,868300000,-89,0,2,7097D7DD,1,1,1,312,0, ,47
1612705611715,868300000,-118,12,4,2800BC01,0,0,1,639,0, ,0
1612509336880,868300000,-107,10,2,4F7A6409,1,0,1,459,0, ,43
1612743925398,868300000,-118,7,0,FFC3C11D,1,1,0,318,0, ,207
1612750563512,868300000,-92,4,4,A6B0A6E6,0,1,1,127,0, ,75
1612624023545,868300000,-111,0,2,ACEDD383,1,1,1,959,0, ,51
1612534099798,868300000,-93,4,2,4F7A6409,0,0,1,195,0, ,24
1612489770996,868300000,-104,7,4,FFC3C11D,1,1,1,959,0, ,0
1612747762259,868300000,-98,6,4,94FD8458,1,1,0,660,0, ,9
1612461685083,868300000,-101,-4,0,26E10ECD,0,1,1,758,0, ,131
1612807145976,868300000,-72,9,2,FFC3C11D,1,1,1,700,0, ,44
1612762148648,868300000,-114,0,4,4B41DFAF,1,0,1,349,0, ,169
1612717944653,868300000,-89,0,4,4B41DFAF,1,0,1,192,0, ,0
1612672604614,868300000,-86,4,4,4F7A6409,0,1,0,604,0, ,150
1612632790684,868300000,-70,10,4,FFC3C11D,1,0,1,571,0, ,202
1612766335630,868300000,-95,1,4,ACEDD383,0,0,1,125,0, ,0
1612697180690,868300000,-79,0,2,4B41DFAF,0,0,1,642,0, ,169
1612798560582,868300000,-109,10,4,FFC3C11D,0,1,0,381,0, ,103
1612785107877,868300000,-109,-4,2,4B41DFAF,1,1,1,801,0, ,0
1612850616526,868300000,-90,8,2,4F7A6409,0,0,1,627,0, ,182
1612703184923,868300000,-79,-14,2,7097D7DD,0,1,1,430,0, ,13
1612561179407,868300000,-104,6,2,2800BC01,1,1,1,553,0, ,0
1612703310103,868300000,-104,6,4,A6B0A6E6,0,0,1,867,0, ,38
1612461003678,868300000,-75,0,0,2800BC01,1,0,1,76,0, ,50
1612763135342,868300000,-96,1,2,A6B0A6E6,1,1,1,411,0, ,185
1612857930279,868300000,-91,9,4,7097D7DD,1,1,1,532,0, ,85
1612755745368,868300000,-93,8,2,ACEDD383,0,1,1,766,0, ,39
1612485572384,868300000,-95,0,4,ACEDD383,0,0,1,506,0, ,0
1612766133191,868300000,-117,5,4,94FD8458,1,0,1,855,0, ,113
1612748912902,868300000,-99,9,4,A6B0A6E6,1,0,1,687,0, ,72
1612536772134,868300000,-89,6,4,7097D7DD,1,1,1,377,0, ,137
1612491965221,868300000,-107,12,4,7097D7DD,1,1,1,848,0, ,206
1612553583701,868300000,-103,-3,2,A6B0A6E6,1,0,1,377,0, ,186
1612862624085,868300000,-98,3,2,26E10ECD,1,0,1,458,0, ,82
1612807589454,868300000,-83,5,4,FFC3C11D,0,0,1,503,0, ,162
1612690207686,868300000,-114,10,4,7097D7DD,0,1,1,790,0, ,54
1612582098055,868300000,-77,9,2,26E10ECD,0,0,1,607,0, ,217
1612718092090,868300000,-110,-5,2,26E10ECD,1,0,1,525,0, ,57
1612518761537,868300000,-106,7,4,ACEDD383,0,1,1,57,0, ,143
1612488483851,868300000,-68,3,2,7097D7DD,0,1,1,238,0, ,186
1612837675723,868300000,-103,3,4,4F7A6409,1,1,1,957,0, ,16
1612799208468,868300000,-119,9,2,FFC3C11D,0,1,1,916,0, ,133
1612507654300,868300000,-89,-8,2,A6B0A6E6,0,1,1,220,0, ,48
1612658694173,868300000,-95,3,4,ACEDD383,0,1,1,290,0, ,167
1612600315881,868300000,-84,5,4,26E10ECD,1,1,1,991,0, ,5
1612811911143,868300000,-83,5,4,ACEDD383,1,1,1,421,0, ,37
1612819045373,868300000,-84,5,0,A6B0A6E6,1,1,1,109,0, ,177
1612634960231,868300000,-119,8,2,2800BC01,1,0,1,165,0, ,112
1612514820415,868300000,-119,3,4,2800BC01,1,0,0,464,0, ,16
1612561678116,868300000,-87,2,2,94FD8458,0,1,0,366,0, ,0
1612574885281,868300000,-110,5,2,ACEDD383,0,1,1,309,0, ,0
1612622893450,868300000,-87,0,4,4B41DFAF,0,0,1,673,0, ,58
1612884077685,868300000,-93,-2,4,26E10ECD,1,1,1,748,0, ,139
1612771343095,868300000,-93,-3,4,A6B0A6E6,0,0,0,347,0, ,112
1612629320517,868300000,-107,7,2,A6B0A6E6,1,0,1,489,0, ,0
1612510146335,868300000,-97,5,2,4B41DFAF,1,1,1,372,0, ,191
1612872490994,868300000,-94,1,4,94FD8458,0,0,1,302,0, ,182
1612469543999,868300000,-88,1,0,26E10ECD,1,1,1,387,0, ,184
1612785347290,868300000,-105,11,4,FFC3C11D,1,1,1,787,0, ,9
1612460160246,868300000,-67,11,4,4F7A6409,1,1,1,715,0, ,0
1612475134624,868300000,-95,0,4,94FD8458,0,1,1,811,0, ,188
1612775937494,868300000,-114,5,2,4F7A6409,0,0,1,783,0, ,115
1612723071922,868300000,-69,5,4,7097D7DD,1,0,0,252,0, ,112
1612544269691,868300000,-99,2,2,FFC3C11D,0,0,1,995,0, ,139
1612705421590,868300000,-92,10,2,A6B0A6E6,1,0,1,77,0, ,63
1612711312147,868300000,-104,10,0,7097D7DD,0,1,1,792,0, ,160
1612547525846,868300000,-105,-8,4,4B41DFAF,0,1,1,979,0, ,117
1612813403716,868300000,-103,7,4,A6B0A6E6,1,0,0,495,0, ,114
1612776059537,868300000,-87,6,4,94FD8458,0,1,1,178,0, ,3
1612756921478,868300000,-75,11,2,94FD8458,0,1,1,693,0, ,25
1612737059655,868300000,-95,5,2,94FD8458,1,0,1,558,0, ,13
1612532018360,868300000,-98,-3,2,26E10ECD,0,1,1,297,0, ,214
1612651796123,868300000,-107,6,4,26E10ECD,1,1,1,353,0, ,185
1612615289058,868300000,-95,2,4,FFC3C11D,0,1,1,412,0, ,32
1612547381466,868300000,-97,3,4,FFC3C11D,0,1,0,940,0, ,42
1612715307237,868300000,-111,-14,2,137226A4,0,1,1,159,0, ,0
1612837758020,868300000,-101,8,4,2800BC01,0,0,1,605,0, ,24
1612613161868,868300000,-106,-1,2,ACEDD383,1,0,1,856,0, ,20
1612862400510,868300000,-119,0,0,2800BC01,1,0,1,349,0, ,182
1612662558726,868300000,-119,7,2,ACEDD383,0,1,1,596,0, ,158
1612537228576,868300000,-107,1,4,7097D7DD,0,1,1,229,0, ,146
1612861110587,868300000,-104,0,2,ACEDD383,0,1,1,621,0, ,215
1612770589553,868300000,-97,2,4,A6B0A6E6,1,1,1,995,0, ,91
1612768023228,868300000,-88,12,4,ACEDD383,0,1,1,391,0, ,43
1612804761249,868300000,-86,8,2,FFC3C11D,1,1,1,464,0, ,0
1612864260073,868300000,-92,5,2,2800BC01,0,1,1,161,0, ,140
1612459721444,868300000,-82,1,4,ACEDD383,0,0,1,129,0, ,99
1612700855090,868300000,-96,4,4,A6B0A6E6,1,0,1,60,0, ,0
1612741544240,868300000,-115,-1,4,7097D7DD,1,0,1,652,0, ,0
1612495685568,868300000,-105,-2,4,4B41DFAF,1,0,1,227,0, ,95
1612715475478,868300000,-99,11,2,A6B0A6E6,1,1,1,242,0, ,190
1612562468232,868300000,-108,5,4,94FD8458,1,1,1,39,0, ,85
1612688328611,868300000,-98,9,0,2800BC01,1,1,1,469,0, ,138
1612558623490,868300000,-95,0,2,137226A4,1,1,1,915,0, ,0
1612666049226,868300000,-87,10,2,A6B0A6E6,1,1,1,653,0, ,139
1612877791845,868300000,-120,10,4,04DE2511,1,0,1,222,0, ,4
1612717748523,868300000,-102,2,4,ACEDD383,1,0,1,850,0, ,0
1612863806623,868300000,-80,4,4,4B41DFAF,1,1,1,364,0, ,90
1612665670829,868300000,-106,10,2,FFC3C11D,1,0,1,824,0, ,19
1612673878167,868300000,-116,8,4,2800BC01,1,1,1,661,0, ,206
1612597586642,868300000,-77,3,4,04DE2511,0,0,0,308,0, ,82
1612792561966,868300000,-112,7,2,7097D7DD,1,1,1,828,0, ,0
1612668479526,868300000,-84,12,4,2800BC01,1,0,0,524,0, ,206
1612818874877,868300000,-118,12,2,4F7A6409,0,0,1,311,0, ,94
1612524812213,868300000,-109,9,2,A6B0A6E6,0,0,1,522,0, ,26
1612733551684,868300000,-92,6,2,A6B0A6E6,1,1,0,716,0, ,152
1612594089547,868300000,-113,-4,4,FFC3C11D,1,1,1,724,0, ,204
1612572444759,868300000,-119,-5,2,7097D7DD,1,1,1,931,0, ,6
1612477063421,868300000,-101,-3,2,2800BC01,1,0,1,663,0, ,9
1612866331650,868300000,-100,6,2,A6B0A6E6,1,0,1,197,0, ,23
1612796919182,868300000,-78,4,4,137226A4,0,0,1,181,0, ,132
1612468533120,868300000,-102,12,2,9A683626,1,0,0,54,0, ,183
1612552129815,868300000,-90,3,4,4B41DFAF,1,1,1,445,0, ,0
1612583362841,868300000,-96,4,4,BD9B128A,1,1,1,578,0, ,152
1612655907976,868300000,-103,8,2,9A683626,1,0,1,495,0, ,56
1612521795538,868300000,-120,3,2,BD9B128A,1,0,1,413,0, ,118
1612742231463,868300000,-85,-1,4,4B41DFAF,1,0,1,336,0, ,153
1612477011280,868300000,-97,0,2,4B41DFAF,0,0,1,859,0, ,131
1612845489445,868300000,-114,5,0,137226A4,1,0,1,843,0, ,0
1612724005295,868300000,-82,-3,4,26E10ECD,0,1,1,286,0, ,27
1612788833770,868300000,-80,9,2,137226A4,0,1,1,448,0, ,0
1612614199386,868300000,-105,-2,2,ACEDD383,0,0,1,229,0, ,0
1612854613209,868300000,-90,0,2,4B41DFAF,1,0,1,433,0, ,0
1612838486163,868300000,-98,11,4,137226A4,0,0,1,740,0, ,13
1612836094374,868300000,-103,0,4,94FD8458,1,1,1,422,0, ,80
1612505201028,868300000,-108,11,4,137226A4,0,0,1,312,0, ,142
1612598777375,868300000,-88,3,2,7097D7DD,0,0,1,719,0, ,113
1612785409276,868300000,-78,3,4,A6B0A6E6,1,1,1,932,0, ,29
1612699833526,868300000,-97,5,4,94FD8458,1,1,1,581,0, ,58
1612627209521,868300000,-120,9,4,FFC3C11D,1,0,1,764,0, ,100
1612769886695,868300000,-93,4,4,4F7A6409,0,1,1,360,0, ,133
1612716481590,868300000,-76,7,4,9A683626,0,0,1,650,0, ,131
1612696293445,868300000,-89,0,4,2800BC01,1,1,1,183,0, ,27
1612772915524,868300000,-108,6,4,FFC3C11D,0,1,1,775,0, ,53
1612593051827,868300000,-92,5,0,ACEDD383,1,1,1,255,0, ,21
1612842002809,868300000,-94,3,2,26E10ECD,0,0,1,920,0, ,24
1612799603991,868300000,-96,1,2,4B41DFAF,0,1,1,990,0, ,129
1612615128900,868300000,-112,4,4,4B41DFAF,0,1,1,267,0, ,94
1612692695240,868300000,-109,11,4,ACEDD383,0,0,1,687,0, ,206
1612611166455,868300000,-104,-1,4,26E10ECD,0,1,0,157,0, ,78
1612664835050,868300000,-112,10,4,137226A4,0,1,1,186,0, ,213
1612857540726,868300000,-99,9,2,26E10ECD,0,0,1,430,0, ,0
1612874561894,868300000,-120,0,2,BD9B128A,1,0,1,556,0, ,31
1612516223075,868300000,-109,5,4,0EC04D57,0,0,1,552,0, ,212
1612594520955,868300000,-98,-13,2,04DE2511,1,0,1,421,0, ,0
1612750826800,868300000,-102,11,2,BD9B128A,1,1,1,81,0, ,27
1612529110655,868300000,-107,4,2,7097D7DD,0,1,1,844,0, ,0
1612883441900,868300000,-78,2,2,2800BC01,0,0,1,424,0, ,187
1612584463829,868300000,-109,10,4,FFC3C11D,0,0,1,937,0, ,215
1612770634712,868300000,-75,4,2,94FD8458,0,0,1,286,0, ,67
1612758615195,868300000,-104,3,2,A6B0A6E6,0,0,1,784,0, ,127
1612689062427,868300000,-76,4,2,04DE2511,0,1,1,467,0, ,75
1612702578102,868300000,-107,8,2,2800BC01,1,1,1,81,0, ,15
1612762810007,868300000,-88,-5,2,FFC3C11D,1,1,1,685,0, ,96
1612732637230,868300000,-98,3,2,137226A4,0,1,1,975,0, ,50
1612726378887,868300000,-63,-3,4,4F7A6409,1,0,0,408,0, ,14
1612734306658,868300000,-90,10,2,ACEDD383,1,0,1,721,0, ,0
1612837114364,868300000,-76,10,2,4F7A6409,1,1,0,865,0, ,78
1612574194219,868300000,-76,5,4,04DE2511,0,0,1,525,0, ,0
1612877916904,868300000,-96,11,4,26E10ECD,0,1,1,358,0, ,166
1612843483675,868300000,-75,-6,4,2800BC01,0,1,1,675,0, ,182
1612520258863,868300000,-117,6,4,94FD8458,0,0,0,580,0, ,187
1612728243418,868300000,-112,2,2,7097D7DD,1,1,1,448,0, ,27
1612651037425,868300000,-95,7,2,BD9B128A,0,1,1,807,0, ,220
1612571029785,868300000,-93,4,4,137226A4,0,1,1,44,0, ,91
1612624903666,868300000,-78,0,2,04DE2511,0,1,1,164,0, ,101
1612864816807,868300000,-94,0,2,0EC04D57,1,0,1,232,0, ,154
1612809452534,868300000,-71,6,4,9A683626,1,1,0,461,0, ,89
1612785827533,868300000,-94,3,4,BD9B128A,1,0,1,418,0, ,203
1612794650576,868300000,-96,6,2,26E10ECD,1,1,1,998,0, ,137
1612686514710,868300000,-99,7,2,2800BC01,1,0,1,654,0, ,32
1612819189326,868300000,-103,12,2,94FD8458,1,0,1,978,0, ,2
1612677585433,868300000,-95,9,0,ACEDD383,1,1,1,875,0, ,56
1612884887363,868300000,-101,6,4,FFC3C11D,0,1,1,999,0, ,0
1612602450570,868300000,-115,9,4,4B41DFAF,1,1,1,949,0, ,126
1612733972206,868300000,-106,-2,4,0EC04D57,1,1,1,967,0, ,59
1612455405184,868300000,-94,6,2,4F7A6409,1,0,0,412,0, ,164
1612775562888,868300000,-99,6,4,FFC3C11D,1,1,1,396,0, ,32
1612808605109,868300000,-109,6,4,BD9B128A,1,1,1,970,0, ,0
1612548501888,868300000,-102,-2,4,7097D7DD,1,0,1,203,0, ,137
1612492995612,868300000,-108,10,4,9A683626,1,0,1,302,0, ,89
1612673265428,868300000,-96,8,4,26E10ECD,1,1,1,348,0, ,41
1612806062308,868300000,-98,-11,4,7097D7DD,1,0,1,158,0, ,218
1612657067370,868300000,-104,-3,4,94FD8458,0,1,1,555,0, ,73
1612779348449,868300000,-61,11,4,A6B0A6E6,0,0,1,326,0, ,0
1612762081388,868300000,-108,9,2,2800BC01,1,1,1,473,0, ,0
1612881991404,868300000,-118,9,4,94FD8458,1,1,1,871,0, ,0
1612455575852,868300000,-85,4,2,26E10ECD,0,0,1,411,0, ,67
1612617927355,868300000,-94,3,2,7DDA98E2,1,1,1,12,0, ,156
1612652959139,868300000,-102,10,2,ACEDD383,1,1,1,29,0, ,144
1612656109415,868300000,-101,7,4,DB77B692,1,1,1,588,0, ,127
1612646320589,868300000,-112,0,4,DB77B692,1,0,1,745,0, ,61
1612868914280,868300000,-110,-9,4,BD9B128A,0,0,1,648,0, ,12
1612723281414,868300000,-84,6,4,7097D7DD,0,0,1,236,0, ,217
1612565589535,868300000,-94,10,0,ACEDD383,0,0,1,820,0, ,199
1612855493903,868300000,-87,2,4,94FD8458,0,1,1,979,0, ,149
1612660575885,868300000,-100,12,0,0EC04D57,1,0,1,849,0, ,23
1612503080386,868300000,-98,5,4,9A683626,1,0,1,347,0, ,212
1612775725752,868300000,-111,9,2,7097D7DD,0,1,1,686,0, ,22
1612666115660,868300000,-83,0,2,BD9B128A,1,1,1,75,0, ,0
1612613819632,868300000,-117,-11,2,7097D7DD,1,0,1,498,0, ,110
1612717200643,868300000,-112,8,2,0EC04D57,0,0,1,169,0, ,93
1612780470998,868300000,-100,-1,4,7DDA98E2,0,1,1,588,0, ,44
1612883945558,868300000,-104,10,4,7DDA98E2,0,0,1,192,0, ,165
1612729685003,868300000,-111,9,2,7DDA98E2,0,1,1,52,0, ,170
1612850716350,868300000,-86,11,4,7097D7DD,1,0,1,360,0, ,0
1612722580110,868300000,-80,7,2,7097D7DD,0,1,1,264,0, ,160
1612483602107,868300000,-76,11,4,4F7A6409,1,0,1,882,0, ,203
1612606853429,868300000,-113,7,2,137226A4,1,0,1,112,0, ,46
1612515922071,868300000,-85,9,2,BD9B128A,1,0,1,904,0, ,105
1612747476957,868300000,-90,2,2,FFC3C11D,0,0,0,860,0, ,0
1612750861250,868300000,-86,5,2,4F7A6409,1,0,1,755,0, ,42
1612514611821,868300000,-114,4,2,9A683626,0,1,1,867,0, ,18
1612634694816,868300000,-86,-10,4,A6B0A6E6,0,0,1,907,0, ,36
1612690437850,868300000,-84,2,0,2BE7E75E,1,1,1,748,0, ,70
1612676442760,868300000,-97,9,0,7097D7DD,0,1,1,781,0, ,74
1612648738358,868300000,-86,2,4,2800BC01,0,0,1,869,0, ,210
1612733466385,868300000,-77,8,2,4F7A6409,0,0,1,815,0, ,0
1612783664750,868300000,-106,7,0,26E10ECD,0,1,1,313,0, ,163
1612807037265,868300000,-84,7,2,2BE7E75E,0,1,1,935,0, ,90
1612489306563,868300000,-87,9,2,04DE2511,0,0,1,247,0, ,41
1612763313452,868300000,-107,-1,2,4F7A6409,1,1,1,536,0, ,3
1612474156952,868300000,-84,1,2,2BE7E75E,0,1,1,338,0, ,133
1612668376957,868300000,-82,11,4,2800BC01,1,0,1,478,0, ,35
1612622623890,868300000,-81,8,4,BD9B128A,1,1,1,226,0, ,0
1612774895987,868300000,-90,-2,2,04DE2511,1,1,1,704,0, ,154
1612525488561,868300000,-100,0,4,7097D7DD,0,1,1,312,0, ,113
1612587594448,868300000,-76,10,2,26E10ECD,1,0,1,714,0, ,0
1612727843228,868300000,-85,3,2,4B41DFAF,0,0,1,799,0, ,153
1612705343789,868300000,-97,6,4,7DDA98E2,0,0,1,146,0, ,161
1612527633542,868300000,-71,5,2,2BE7E75E,1,0,1,601,0, ,48
1612827151131,868300000,-98,3,4,9A683626,1,1,1,316,0, ,189
1612455045037,868300000,-100,-5,4,2BE7E75E,0,0,1,957,0, ,164
1612818186024,868300000,-100,8,2,2800BC01,1,1,1,420,0, ,86
1612792549418,868300000,-96,11,4,FFC3C11D,0,0,1,543,0, ,63
1612655886629,868300000,-103,12,2,ACEDD383,0,0,0,645,0, ,30
1612554193313,868300000,-91,12,2,DB77B692,1,1,1,225,0, ,170
1612853319754,868300000,-104,7,4,2800BC01,1,1,1,476,0, ,53
1612758430375,868300000,-103,10,2,94FD8458,0,0,0,724,0, ,129
1612491736450,868300000,-96,12,4,04DE2511,0,1,1,902,0, ,178
1612858707705,868300000,-101,-5,2,4F7A6409,1,1,1,994,0, ,27
1612580972013,868300000,-100,8,4,7097D7DD,1,0,1,209,0, ,48
1612462249552,868300000,-93,7,2,2800BC01,1,0,1,533,0, ,177
1612828545754,868300000,-108,-4,4,04DE2511,0,0,0,686,0, ,76
1612848086240,868300000,-103,7,2,0EC04D57,1,1,1,492,0, ,87
1612792886039,868300000,-94,2,2,A6B0A6E6,0,1,1,47,0, ,36
1612876825989,868300000,-101,2,2,2800BC01,0,1,1,515,0, ,205
1612753089985,868300000,-93,8,4,9A683626,0,1,1,817,0, ,165
1612597053466,868300000,-95,7,2,4B41DFAF,1,1,1,639,0, ,88
1612750643995,868300000,-96,0,2,0EC04D57,1,0,1,682,0, ,151
1612741654778,868300000,-104,5,4,9A683626,1,0,1,279,0, ,99
1612781688775,868300000,-93,1,2,7097D7DD,0,0,1,800,0, ,25
1612618170158,868300000,-98,0,2,DB77B692,1,0,1,999,0, ,0
1612700755595,868300000,-89,9,2,7DDA98E2,1,1,1,161,0, ,122
1612835291846,868300000,-82,0,4,7097D7DD,0,0,1,938,0, ,113
1612533501860,868300000,-94,5,4,137226A4,1,1,1,368,0, ,70
1612591157611,868300000,-79,10,4,0EC04D57,1,0,1,629,0, ,72
1612566344716,868300000,-87,12,2,FFC3C11D,0,0,1,358,0, ,0
1612625816824,868300000,-88,11,4,137226A4,1,0,1,792,0, ,58
1612523796432,868300000,-96,0,4,4F7A6409,0,0,1,608,0, ,69
1612719327756,868300000,-92,-1,2,7097D7DD,1,0,1,33,0, ,0
1612831211943,868300000,-94,6,2,9A683626,1,0,1,858,0, ,76
1612826017116,868300000,-103,10,2,94FD8458,0,0,1,49,0, ,0
1612740079687,868300000,-95,-2,4,A6B0A6E6,0,0,1,748,0, ,51
1612560605076,868300000,-95,7,4,2800BC01,1,0,1,671,0, ,109
1612831777178,868300000,-108,-1,4,04DE2511,1,0,1,541,0, ,21
1612629596581,868300000,-80,12,2,4F19B796,1,0,1,92,0, ,0
1612593715145,868300000,-92,10,4,ACEDD383,0,0,1,745,0, ,0
1612611365527,868300000,-100,1,4,26E10ECD,1,1,1,850,0, ,35
1612636052944,868300000,-73,6,4,2800BC01,1,0,1,931,0, ,99
1612833611871,868300000,-86,0,0,A6B0A6E6,0,1,1,166,0, ,185
1612541615556,868300000,-108,7,4,A6B0A6E6,1,1,1,107,0, ,86
